-7.63672 -5.47764 -1.58594 1.89767 4.82697 1.50044 0 0 0.0353672 0.869271 0
4.37324 9.71123 -0.699707 1.89952 4.81755 1.52184 0 0 -3.12822 0.798187 0
-14.4758 9.01992 -1.07812 1.89027 4.52567 1.53828 0.0179291 0.00836182 -1.72199 0.774583 0
-3.73692 12.6305 -0.38623 1.89581 4.55227 1.71943 2.18164 1.375 -2.0773 0.764188 0
-0.152344 -34.9109 -2.14844 1.91255 4.33533 1.6455 -0.152466 1.43359 3.13186 0.746509 0
-20.1586 9.15606 -0.969238 1.96173 4.61493 1.72869 0 0 -1.78308 0.720663 0
6.23828 41.8213 1.4668 1.92755 4.72437 1.75078 0 0 -3.00849 0.642993 0
-4.17109 20.4957 -0.154053 1.84288 4.41221 1.60268 -0.0673218 -0.4104 0.0687066 0.621885 0
6.00625 46.0668 1.77246 1.89952 4.60593 1.76968 0 0 3.06288 0.457379 0
-21.757 14.2492 -0.836426 1.94077 4.57008 1.59449 0 0 1.39918 0.456531 0
-8.42402 33.2266 0.769531 1.85009 4.49923 1.58401 0 0 -3.11799 0.420838 0
-27.6664 13.3418 -0.603027 1.94647 4.42515 1.70189 -7.90358e-05 5.42402e-06 1.45903 0.408395 0
-8.99297 24.4523 0.248047 1.86825 4.56562 1.54279 0.000794411 -0.00027132 -0.0357866 0.372505 0
-9.21719 21.1187 0.0319824 1.89489 4.58797 1.6706 0.0245819 -8.19564e-05 0.122039 0.350644 0
-8.56992 29.9416 0.620117 1.89027 4.56116 1.62316 0 0 0.0504149 0.33928 0
-24.4023 13.9674 -0.668945 1.91816 4.48169 1.67468 0 0 -1.75215 0.269999 0
9.23359 42.6572 1.56055 1.90882 4.59245 1.68947 0 0 2.16424 0.263599 0
-2.2 -42.8008 -2.48828 1.88382 4.35655 1.62554 0.355713 6.94141 -3.06532 0.260013 0
-8.42149 40.3799 1.33594 1.92943 4.64659 1.73376 0 0 -0.245915 0.255715 0
-9.21738 48.3516 1.59375 1.97326 4.59245 1.6994 0 0 1.46752 0.247805 0
17.1238 46.6541 1.67871 1.94457 4.58797 1.73715 0 0 -2.85357 0.2304 0
-29.9629 -33.9941 -3.35938 1.93509 4.54338 1.74651 0 0 -0.104081 0.189671 0
8.49805 45.1057 1.73535 1.88842 4.68761 1.63989 0 0 -2.85427 0.179531 0
-9.03359 50.809 1.62988 1.95599 4.58349 1.738 7.53403e-05 -0.00018394 1.74561 0.143668 0
21.0893 41.9877 2.41016 2.18527 5.10826 2.21427 0 0 0.0381423 0.137764 0
-24.3977 -37.8344 -2.625 2.37324 5.50182 2.31262 -1.49608e-05 0.000805855 -0.0604604 0.135004 0
13.1893 41.2258 1.24512 1.86825 4.54338 1.61171 0 0 0.0961431 0.130175 0
5.23203 50.8281 1.68848 1.91629 4.41221 1.6431 0.0055542 0.0183411 2.99254 0.101589 0
14.7047 26.8648 0.584961 1.40713 2.4835 2.25354 0.000169396 0.000872135 -2.5773 0.528655 2
-24.4486 -37.3172 -2.54102 2.63465 6.24047 2.53495 0 0 -0.125989 0.370681 1
21.0115 40.4797 2.34375 2.26457 3.9861 2.94204 0 0 -0.280485 0.282889 2
41.2379 14.7397 1.99121 2.3228 4.41221 2.41062 0 0 2.69122 0.238284 2
-34.1035 -39.4891 -2.20703 2.02598 3.37306 2.10463 0 0 -1.94503 0.202443 2
9.11875 -32.5771 -2.08203 1.51147 2.80183 2.47019 0.00178146 0.00412369 3.06004 0.193604 2
-38.0463 -13.9527 -2.15234 2.44619 4.92217 2.1336 0 0 2.10913 0.192995 2
5.96387 46.6313 1.80176 2.16932 5.7546 1.97422 0 0 3.04483 0.166675 1
-39.5945 24.4547 1.09766 2.15665 4.98019 2.20348 0 0 0.00662987 0.163713 2
6.20781 41.9955 1.43945 2.00629 5.23963 1.99068 0 0 -3.01711 0.153169 2
-7.65625 50.9219 1.86328 2.1842 5.49108 2.6945 0 0 -2.94979 0.139162 1
27.4979 -21.0773 0.67041 2.6605 6.81377 2.80183 1.2517e-06 3.76701e-05 0.333264 0.128525 2
-12.3152 -41.3752 -3.00391 1.75677 2.6631 1.98292 0 0 -2.71474 0.128088 2
-18.0961 -15.684 -1.09668 1.77488 3.02655 2.74496 0 0 0.434808 0.126138 2
7.79297 -46.1395 -1.79199 1.78792 2.37556 2.41533 0 0 2.962 0.111822 2
-14.7633 -27.5699 -1.49316 2.03988 3.9861 2.36053 0 0 0.0248666 0.106691 2
-17.2023 25.967 0.0974121 1.6327 2.97962 2.13778 0 0 -2.16808 0.104477 2
21.2035 43.7055 2.78711 2.63722 7.72856 3.47674 0 0 0.175031 0.211743 4
14.6926 27.4523 1.25 1.83838 2.93916 2.58369 -9.20296e-05 0.000149012 0.0727086 0.141045 4
-24.4008 17.8256 0.564941 2.97091 15.7039 3.97056 0 0 3.02691 0.138812 4
41.9084 14.7615 1.85938 2.28902 3.80728 2.62951 0 0 1.46977 0.127218 4
-7.66602 49.8762 1.6084 2.20133 4.86483 3.19355 0 0 2.96346 0.108566 4
-18.7629 -0.498047 0.227783 2.7236 7.06447 3.25336 0 0 -1.57854 0.102305 4
8.59609 -32.6156 -2.375 2.53248 0.378447 0.98621 0 0 1.52759 0.235812 5
13.101 25.9279 0.2146 1.83749 0.330087 1.17083 0 0 1.78033 0.198375 5
3.73203 -30.8428 -2.47461 2.08214 0.488791 0.912959 0 0 1.67431 0.182571 5
4.61016 14.732 -0.442139 2.08418 0.441155 1.00076 0 0 1.86489 0.168309 5
-17.1277 -26.7457 -2.80078 2.8404 0.533696 0.993403 0 0 -2.15848 0.131507 5
-29.0781 -42.8668 -3.68945 1.84198 0.56342 1.18247 0 0 -1.52657 0.130064 5
-13.9891 -28.1969 -2.35352 2.68793 0.416049 0.959463 0 0 -1.75191 0.128525 5
-9.2332 19.3467 -0.26001 2.04786 0.518034 1.02964 0 0 -0.578326 0.126569 5
5.37578 -37.8676 -2.36133 2.75032 0.444181 0.952577 0 0 1.61381 0.109135 5
-6.93574 -49.1516 -3.20898 3.11044 0.446791 0.836143 0 0 -1.75723 0.104112 5
-10.8602 21.1318 -0.558594 2.04387 0.432622 1.03914 0 0 -0.973444 0.103749 5
-10.8961 27.7062 0.508789 2.37556 0.284831 0.987167 0 0 -1.40868 0.101947 5
10.0152 41.1772 1.12207 0.788462 2.01415 1.3404 0.00032568 -2.20537e-06 0.354009 0.265309 6
-9.84414 19.0668 -0.112671 0.544753 1.52407 1.00526 0.0123596 -0.0215149 0.34596 0.261519 7
-23.5551 -32.3949 -3.33594 0.694712 1.77055 1.53603 8.46386e-05 0.000490665 -2.09966 0.257952 6
16.2898 45.1166 1.25684 0.651189 1.73376 1.23017 0 0 0.0322054 0.252568 7
-13.8164 0.466408 -0.914062 0.550637 1.71105 1.19933 -0.000389576 -0.00264359 3.1194 0.246715 7
4.59258 14.5485 -0.279297 0.536046 1.69857 1.15522 -5.24521e-05 0.0142593 -2.96427 0.230054 7
-19.8887 -23.6883 -2.27344 0.768788 1.7397 1.81874 0.000652313 0.00064373 -0.0511314 0.221687 7
-17.3631 -25.3824 -2.05664 0.639062 1.77141 1.72027 0 0 -0.445372 0.209146 7
-19.7852 14.6772 -0.874023 0.681774 1.83659 1.23152 0 0 0.00523394 0.205615 6
-11.6754 -17.9449 -2.27734 0.481683 1.52036 1.13052 0 0 -0.00422609 0.201499 7
6.02266 -26.7496 -1.82617 0.717815 1.79931 1.81608 -0.0185547 -0.0422668 0.95615 0.193452 7
-13.3828 -7.39805 -1.4082 0.527735 1.51776 1.15861 0 0 1.86766 0.190724 7
5.32969 -28.5766 -1.81445 0.657259 1.82052 1.41023 0 0 2.03858 0.190122 7
-1.79609 -41.2199 -2.68164 0.809528 1.84108 1.81963 0.167847 7.23438 -3.11807 0.188026 7
9.28008 -17.8941 -1.81738 0.638594 1.74651 1.17599 0 0 1.52269 0.187728 7
-16.6922 25.3664 -0.640625 0.617739 1.70106 1.17083 0 0 0.0196167 0.186095 7
6.34063 -38.1408 -2.06641 0.668914 1.90882 1.7448 -0.389648 -1.66699 0.103812 0.176388 7
-14.083 -40.566 -2.92969 0.831258 2.29574 1.49715 0 0 1.47513 0.174129 6
-27.5969 -10.2279 -2.4375 0.684777 1.95313 1.17743 0 0 -0.0534163 0.173288 7
9.39453 -6.13164 -0.564453 0.646437 1.80107 1.20859 0 0 1.89549 0.171755 7
-1.01562 37.1365 0.0810547 0.837267 2.12321 1.81077 0.259033 6.46484 3.11482 0.163045 6
-25.8594 13.1311 -0.512207 0.678453 1.83032 1.32059 0 0 1.44363 0.162912 6
-11.8183 -41.1203 -2.87109 0.616684 1.70938 1.40747 1.71661e-05 0.0050621 -3.13167 0.158174 7
11.6582 25.3172 0.75 0.612632 1.64872 1.13315 1.97291e-05 0.000566483 2.81562 0.157655 7
8.98535 28.6484 0.508789 0.589594 1.72616 1.7144 0.323975 2.20898 -3.00439 0.155335 7
4.2918 -29.9305 -2.20898 0.558489 1.74736 1.13509 0 0 1.5872 0.154951 7
13.1231 25.3383 0.03125 0.531615 1.66816 1.063 -7.27177e-05 0.00233459 2.2629 0.142709 7
9.44219 -17.3242 -1.77148 0.673502 1.70023 1.09174 -5.00679e-06 -2.00868e-05 1.4909 0.141045 7
40.4918 14.6637 2.0957 0.660153 1.5844 1.34433 0.0179138 0.133545 2.71571 0.135346 7
-18.8873 22.752 -0.453125 0.658383 1.77488 1.13925 0 0 1.81051 0.134094 7
-14.9193 -26.0293 -2.26562 0.711013 1.76623 1.76968 0.147949 -0.748047 -0.243083 0.133415 7
7.02187 -46.0283 -1.97266 0.694373 1.78618 1.51962 0.0086441 0.129761 2.55215 0.130951 7
7.48789 -24.2121 -2.11133 0.582725 1.67387 1.33909 -0.0261078 0.0174866 0.0469908 0.130507 7
-14.7887 -12.6725 -1.3623 0.593639 1.7888 1.1657 0 0 -0.802737 0.128744 7
14.7518 26.7924 1.1084 0.96687 2.02994 1.80635 0.0437317 0.451416 -2.99237 0.128525 6
-11.423 -14.1145 -1.89355 0.857645 2.28902 1.33779 7.80225e-05 -0.000706673 -1.85854 0.128088 6
12.3527 25.833 0.470459 0.551713 1.62316 1.18203 0 0 1.0154 0.127653 7
-18.0352 -26.6516 -2.4082 0.598587 1.70106 1.33779 0 0 1.80253 0.126353 7
-20.2199 -35.502 -1.83691 0.643603 1.7958 1.40576 -0.000289679 -0.000412941 1.11228 0.125923 7
-11.3969 26.7916 0.419189 0.699648 1.77401 1.40507 -4.76837e-07 -1.96695e-06 0.702758 0.123577 7
-10.8148 21.2051 -0.446289 0.581588 1.72111 1.10616 0 0 -2.14788 0.119614 7
13.3645 -24.4365 -2.26367 0.575936 1.67714 1.28465 -0.0027771 -0.0227814 1.22421 0.117978 7
11.043 38.852 1.08496 0.809331 1.90882 1.36217 0.000481129 -0.000259161 1.81138 0.114369 6
13.9805 -2.04473 -0.902344 0.604756 1.77055 1.19145 0 0 1.19264 0.113776 6
-22.9756 27.766 0.0895996 0.626701 1.76537 1.23921 0 0 1.53407 0.113383 7
9.03008 -32.4957 -1.90527 0.64865 1.90509 1.35554 -0.0166931 0.0881958 3.05269 0.112991 6
-17.1121 -6.67266 -1.7373 0.583865 1.80195 1.15409 0 0 2.88634 0.111048 7
11.6449 4.31602 -1.06152 0.562595 1.71105 1.18753 0 0 2.89674 0.109515 7
-17.166 0.390236 -0.866211 0.658544 1.8646 1.20417 0 0 1.81545 0.108566 6
-19.5695 -29.2453 -1.63281 0.699819 1.92379 1.3193 0 0 -1.48742 0.105763 6
-9.20215 -29.0797 -2.20898 0.593639 1.59177 1.48732 -3.21865e-06 0.000243664 -0.787785 0.102125 7
6.16875 -22.607 -1.87012 0.631925 0.73108 1.7431 -0.00135899 -1.06641 0.0354093 0.8874 8
7.8539 -14.7957 -1.34863 0.700845 0.805192 1.82497 -0.147827 1.18066 3.02573 0.885631 8
6.03633 -25.0238 -1.91113 0.638282 0.738615 1.79843 -0.0458374 -1.08301 0.0580719 0.864768 8
-12.1586 17.2727 -0.375977 0.644703 0.751897 1.74225 -0.0122604 -1.40625 -0.00830738 0.841305 8
-11.8594 -30.6672 -1.98145 0.652462 0.750979 1.81254 -0.00966644 -1.3125 -0.0848863 0.818156 8
9.01133 9.49844 -0.258301 0.690653 0.849311 1.81165 0.22522 1.20605 -2.96331 0.797241 8
-12.1309 4.99287 -1.1416 0.677791 0.793289 1.72953 0.174683 0.939941 -3.06495 0.796925 8
-12.6812 -30.8307 -1.99316 0.66712 0.784813 1.82319 0.0712891 -1.29297 -0.119394 0.791499 8
-20.5697 -23.4555 -2.49414 0.595962 0.559035 1.74992 -0.000277758 -0.000499725 0.446818 0.788257 8
7.17656 -22.8045 -1.78516 0.620157 0.748052 1.78705 -0.0962524 -0.982422 0.125649 0.785638 8
-7.046 -27.0078 -1.95508 0.735735 0.797367 1.84828 1.36328 -0.25415 -1.52155 0.784979 8
8.36621 12.8451 -0.273193 0.701701 0.843937 1.84468 0.0775146 -1.62207 -0.0142368 0.764892 8
5.99609 -26.7801 -1.84961 0.678453 0.725037 1.79667 -0.163086 -0.365967 0.652748 0.759939 8
7.4793 -16.0293 -1.41309 0.668751 0.771986 1.78008 -0.191406 1.08984 3.02829 0.759582 8
-17.4506 -25.0734 -2.15625 0.682274 0.69658 1.83211 0.00106049 -0.010994 -1.27115 0.665519 8
8.93877 28.5375 0.582031 0.694373 0.80039 1.79492 0.150879 1.48438 -3.04883 0.663342 8
-11.6348 18.1785 -0.331543 0.618493 0.713447 1.6936 -0.103638 -1.27148 0.0388844 0.658088 8
-14.9385 -25.8695 -2.23047 0.680943 0.742411 1.78443 -0.0918579 -0.683105 0.170722 0.635562 8
6.32109 -38.0715 -1.8877 0.672681 0.774818 1.79492 -0.100037 -1.44727 0.0509934 0.629888 8
-9.80859 -48.9203 -2.6543 0.684276 0.777471 1.87556 -0.0932007 -1.28613 0.100614 0.604983 8
-16.9945 -25.8172 -2.29102 0.668261 0.683107 1.77921 0.0101852 -0.00505447 -2.89596 0.566378 8
6.96953 -49.3932 -1.76172 0.687457 0.787789 1.81963 0.378662 -1.48242 -0.187421 0.53206 8
5.16973 -28.669 -1.80273 0.670877 0.658222 1.74821 -0.00114727 0.00830078 1.91965 0.525978 8
-23.5422 -32.2211 -3.08594 0.666144 0.640781 1.77401 0.00181866 -0.00179195 -0.877495 0.459561 8
-18.183 -26.5945 -2.37109 0.626701 0.6531 1.687 0.0167694 -0.0311584 -2.15804 0.4575 8
6.97813 -45.966 -1.84766 0.67746 0.719921 1.7414 -0.167114 0.940918 2.98598 0.41739 8
-23.8274 -33.384 -2.93555 0.669895 0.654856 1.80371 0.258545 -0.0514526 -2.23581 0.372734 8
6.66895 -50.8615 -2.06641 0.625021 0.699136 1.72953 0.0869141 -0.185547 -0.0805074 0.349977 8
11.466 25.2156 0.577148 0.651189 0.64976 1.80723 -0.00610733 0.00645447 -0.598744 0.33372 8
5.73164 -47.4297 -1.875 0.67104 0.708933 1.75078 -0.0921631 0.411621 -3.09801 0.318273 8
13.0502 25.1727 0.342041 0.439864 0.445484 1.28387 5.30481e-06 6.61612e-06 2.38328 0.315103 9
-7.3961 47.8398 1.42383 0.715541 0.666144 1.79843 -0.000254631 0.00163746 -0.332868 0.314577 8
3.91953 -29.9402 -2.27344 0.417269 0.426331 1.21465 5.61476e-05 -7.85589e-05 2.14817 0.307878 9
-26.9064 -51.1016 -2.57422 0.664844 0.700161 1.7888 0.317627 -0.157104 -0.883705 0.293404 8
-9.3959 -24.9 -2.16016 0.414427 0.416252 1.33322 0.0218506 -0.00209999 -1.14486 0.293202 9
-9.2207 -28.9355 -1.94922 0.639062 0.610989 1.78618 0.0151443 0.00733185 -1.08697 0.287868 8
-19.332 -30.7938 -2.67969 0.66712 0.689642 1.59761 -0.0112686 -0.00437164 -1.82673 0.276593 8
6.23672 -48.5961 -1.80176 0.637348 0.671696 1.76968 0.0615845 -0.26001 -0.416922 0.272993 8
-12.1387 -40.434 -2.7832 0.376971 0.376603 1.06684 8.95858e-05 0.000188708 -1.54931 0.266071 9
-11.5703 -17.7406 -2.10352 0.387989 0.397967 1.14735 6.56843e-05 0.000155449 -0.256986 0.265119 9
-11.7494 -41.2047 -2.7793 0.468233 0.463909 1.32511 -0.00531006 -0.00624466 -2.6965 0.256646 9
-9.8 -51.0759 -2.93164 0.69658 0.770856 1.84738 -0.000155807 -0.581543 0.0755199 0.252384 8
-11.0666 26.725 0.568359 0.576781 0.598295 1.65356 -0.020462 0.0328369 -2.66295 0.238994 8
4.47344 14.023 -0.355957 0.401088 0.404431 1.33224 -0.000189304 -0.000199914 3.07953 0.238284 9
-21.7492 -25.7902 -2.5293 0.712229 0.776522 1.81431 -1.29785 0.16272 1.83463 0.234407 8
16.2609 44.9251 1.29199 0.635328 0.650077 1.68453 0.0316467 0.0505371 -2.93113 0.21767 8
-16.2328 -26.7836 -2.375 0.61428 0.644389 1.7363 -0.0603943 -0.0892944 -2.40568 0.216508 8
-29.109 -43.0984 -3.57812 0.43559 0.431778 1.2427 -0.00727844 -0.0119171 -1.9036 0.213213 9
9.04531 -17.7766 -1.80176 0.419107 0.418698 1.2077 -0.00378609 -0.00240135 1.18615 0.211743 9
9.83848 -17.7867 -1.65625 0.461424 0.465952 1.3972 -9.30429e-05 0.000143409 0.538578 0.210442 9
-13.8047 0.328907 -1.05273 0.519807 0.529542 1.51221 0.00245667 0.00754929 -1.62519 0.202601 8
-13.2062 -7.34063 -1.62988 0.526963 0.552792 1.21703 0.00338364 -0.0124054 -1.03719 0.200871 8
-16.7148 18.0078 -0.65918 0.609202 0.616383 1.58633 0.000968933 0.00313187 -1.20121 0.199932 8
-20.4525 -29.252 -1.86816 0.670058 0.69268 1.72785 0.0107269 -0.0124435 -2.09411 0.196826 8
14.1617 26.5946 0.640625 0.577344 0.597711 1.6439 0.00927734 0.0127945 2.16746 0.192843 8
9.02656 -16.2313 -1.42773 0.498431 0.486885 1.52259 -0.0105133 0.0164337 1.44806 0.189671 8
9.40156 -3.30547 -0.757812 0.588157 0.526963 1.62237 0 0 1.59086 0.188922 8
8.51992 -45.7273 -1.63379 0.688969 0.680776 1.81608 -0.0449219 -0.0104828 1.91405 0.187728 8
-25.8734 13.0268 -0.811523 0.604461 0.613081 1.6451 -0.211182 0.0439758 2.29512 0.177098 8
9.33086 8.46328 -0.329834 0.634708 0.709452 1.74736 0.0216827 0.716309 -3.03769 0.169681 8
9.025 -31.5426 -2.3457 0.419721 0.414832 1.16912 -0.00251579 -0.0054245 1.49105 0.164785 9
-11.0138 17.9648 -0.238159 0.562046 0.598587 1.60896 0.0668945 -0.315674 -0.183277 0.162115 8
9.79678 9.15723 -0.0927734 0.662252 0.74223 1.70855 0.200684 0.425049 -2.73999 0.159479 8
-17.0977 -51.1342 -3.24219 0.450735 0.443314 1.1297 -0.0091095 0.0175476 -2.69538 0.158435 9
40.457 14.7221 1.8877 0.618041 0.609797 1.80107 -0.21167 0.0387268 2.09627 0.157914 8
-15.1262 -40.7447 -2.92188 0.389128 0.391032 1.23484 -0.000573635 0.00115585 2.99912 0.155078 9
9.82949 40.6242 1.23145 0.537881 0.550637 1.40199 0.00978851 -0.0329285 0.832757 0.149035 9
-9.54453 2.6875 -1.44336 0.389128 0.395642 1.07757 -0.000366926 -4.31538e-05 -2.89502 0.148047 9
-18.8785 -29.1895 -2.54102 0.636726 0.675973 1.7363 -0.0131378 0.0113373 -1.66251 0.138462 8
10.1617 -16.2805 -1.21387 0.617588 0.636881 1.77401 -0.121338 -0.0689087 0.974232 0.136954 8
-15.3969 -30.985 -2.14844 0.62304 0.681608 1.8223 -0.0214233 0.562012 3.1103 0.13569 8
-11.4133 33.4379 0.96875 0.63875 0.626395 1.81254 0.0139236 -0.0445251 -2.12734 0.130951 8
7.52617 -51.004 -2.26562 0.672517 0.74988 1.79843 0.0726929 -0.0913696 -0.939994 0.129183 8
13.4492 -24.3945 -2.12891 0.544753 0.571455 1.40439 -0.143188 0.11377 2.73076 0.126569 8
10.9016 45.2242 2.03516 0.706342 0.740059 1.81785 -0.354492 -0.556641 0.6764 0.124426 8
20.4312 39.8844 2.25977 0.690991 0.733762 1.85009 0.0445251 0.0270081 -2.91115 0.114566 8
9.95117 -6.65781 -0.48584 0.533956 0.572013 1.60112 0.000217438 0.00833893 0.984135 0.112991 8
37.7903 -0.482616 0.802734 0.674654 0.663223 1.89952 0.218262 0.212158 -2.50278 0.112795 8
9.74512 5.42149 -0.657227 0.582725 0.535 1.52073 0.000571251 0.000548363 1.77839 0.111628 8
12.2039 -2.6039 -1.15234 0.346266 0.338906 1.11749 0.000636578 -0.00180721 3.10258 0.111048 9
11.675 4.61641 -0.959961 0.487123 0.457386 1.38363 0 0 1.41786 0.110088 9
-13.4911 20.2609 -0.441162 0.635949 0.677957 1.58247 -0.0149002 0.106262 -2.34276 0.108378 8
11.3475 38.9281 1.15527 0.425707 0.417473 1.25367 0.00331306 0.005867 2.18555 0.107813 9
14.9672 27.567 0.908203 0.647227 0.689979 1.76192 0.0332947 0.405029 2.93282 0.107625 8
-24.5422 -40.1086 -3.17383 0.621824 0.645964 1.69774 0.0492859 -0.0144958 -1.36399 0.106877 8
-16.9281 25.1795 -0.631836 0.459177 0.483096 1.32091 -0.0257263 -0.182861 0.210435 0.105948 9
-20.6786 -33.3719 -2.80273 0.622128 0.643917 1.73038 0.057312 0.0845337 -2.67362 0.105579 8
11.5918 -0.284374 -0.607422 0.500382 0.470985 1.54732 0 0 0.325346 0.10393 8
6.76601 -14.7844 -1.37891 0.665006 0.722563 1.72785 -0.130127 0.871582 3.09228 0.100702 8
